#FIG 3.2
Landscape
Center
Inches
Letter  
60.00
Single
-2
1200 2
2 1 0 2 -1 7 0 0 -1 0.000 0 0 -1 0 0 8
	 6900 1785 8010 1785 8505 2325 8895 1740 10035 1740 9390 3045
	 7665 3045 6885 1770
2 1 0 2 -1 7 0 0 -1 0.000 0 0 -1 1 0 3
	1 1 1.00 60.00 120.00
	 5190 1185 7815 1185 7815 1620
2 1 0 2 -1 7 0 0 -1 0.000 0 0 -1 1 0 3
	1 1 1.00 60.00 120.00
	 5205 1275 7560 1275 7560 1605
2 1 0 2 -1 7 0 0 -1 0.000 0 0 -1 1 0 3
	1 1 1.00 60.00 120.00
	 5205 1380 7230 1380 7215 1575
2 1 0 2 -1 7 0 0 -1 0.000 0 0 -1 1 0 4
	1 1 1.00 60.00 120.00
	 4710 1035 4710 915 9150 915 9150 1590
2 1 0 2 -1 7 0 0 -1 0.000 0 0 -1 1 0 4
	1 1 1.00 60.00 120.00
	 4560 1020 4560 810 9555 810 9555 1590
2 1 0 2 -1 7 0 0 -1 0.000 0 0 -1 1 0 4
	1 1 1.00 60.00 120.00
	 4425 990 4425 705 9780 720 9765 1605
2 1 0 2 -1 7 0 0 -1 0.000 0 0 -1 0 0 3
	 8025 3150 8025 4485 1770 4485
2 1 0 2 -1 7 0 0 -1 0.000 0 0 -1 0 0 3
	 8700 3195 8700 4650 1755 4665
2 1 0 2 -1 7 0 0 -1 0.000 0 0 -1 0 0 3
	 9105 3180 9105 4875 1710 4875
2 1 0 2 -1 7 0 0 -1 0.000 0 0 -1 1 0 2
	1 1 2.00 120.00 240.00
	 1815 4425 1815 3930
2 1 0 2 -1 7 0 0 -1 0.000 0 0 -1 1 0 2
	1 1 2.00 120.00 240.00
	 2145 4650 2145 3960
2 1 0 2 -1 7 0 0 -1 0.000 0 0 -1 1 0 2
	1 1 2.00 120.00 240.00
	 2955 4875 2955 3930
2 1 0 2 -1 7 0 0 -1 0.000 0 0 -1 1 0 2
	1 1 2.00 120.00 240.00
	 1815 4500 1815 6450
2 1 0 2 -1 7 0 0 -1 0.000 0 0 -1 1 0 2
	1 1 2.00 120.00 240.00
	 2070 4665 2070 6420
2 1 0 2 -1 7 0 0 -1 0.000 0 0 -1 1 0 2
	1 1 2.00 120.00 240.00
	 2295 4875 2295 6435
2 2 0 2 1 7 50 0 -1 0.000 0 0 -1 0 0 5
	 3600 1125 5100 1125 5100 1500 3600 1500 3600 1125
2 2 0 2 1 7 50 0 -1 0.000 0 0 -1 0 0 5
	 1275 1125 2775 1125 2775 1500 1275 1500 1275 1125
2 2 0 2 1 7 50 0 -1 0.000 0 0 -1 0 0 5
	 1275 1575 2775 1575 2775 1950 1275 1950 1275 1575
2 2 0 2 1 7 50 0 -1 0.000 0 0 -1 0 0 5
	 1275 2025 2775 2025 2775 2400 1275 2400 1275 2025
2 2 0 2 1 7 50 0 -1 0.000 0 0 -1 0 0 5
	 1275 2475 2775 2475 2775 2850 1275 2850 1275 2475
2 2 0 2 1 7 50 0 -1 0.000 0 0 -1 0 0 5
	 3600 1575 5100 1575 5100 1950 3600 1950 3600 1575
2 2 0 2 1 7 50 0 -1 0.000 0 0 -1 0 0 5
	 3600 2025 5100 2025 5100 2400 3600 2400 3600 2025
2 2 0 2 1 7 50 0 -1 0.000 0 0 -1 0 0 5
	 3600 2475 5100 2475 5100 2850 3600 2850 3600 2475
2 2 0 2 1 7 50 0 -1 0.000 0 0 -1 0 0 5
	 1275 7275 3075 7275 3075 7650 1275 7650 1275 7275
2 2 0 2 1 7 50 0 -1 0.000 0 0 -1 0 0 5
	 3600 7275 5400 7275 5400 7650 3600 7650 3600 7275
2 1 0 2 0 7 50 0 -1 0.000 0 0 -1 1 0 3
	1 1 2.00 120.00 240.00
	 2325 5550 4725 5550 4725 6450
2 1 0 2 0 7 50 0 -1 0.000 0 0 -1 1 0 3
	1 1 2.00 120.00 240.00
	 2025 5700 4425 5700 4425 6375
2 1 0 2 0 7 50 0 -1 0.000 0 0 -1 1 0 3
	1 1 2.00 120.00 240.00
	 1800 5925 4050 5925 4050 6375
2 2 0 2 1 7 50 0 -1 0.000 0 0 -1 0 0 5
	 7500 5550 9300 5550 9300 5925 7500 5925 7500 5550
2 2 0 2 1 7 50 0 -1 0.000 0 0 -1 0 0 5
	 7500 6225 9300 6225 9300 6600 7500 6600 7500 6225
2 2 0 2 1 7 50 0 -1 0.000 0 0 -1 0 0 5
	 7500 6900 9300 6900 9300 7275 7500 7275 7500 6900
2 4 0 2 -1 6 80 0 20 0.000 0 0 7 0 0 5
	 10125 7725 6270 7725 6270 5100 10125 5100 10125 7725
2 2 0 2 -1 7 0 0 -1 0.000 0 0 -1 0 0 5
	 675 600 10275 600 10275 7950 675 7950 675 600
2 2 0 2 0 7 50 0 -1 0.000 0 0 -1 0 0 5
	 12075 600 15825 600 15825 7950 12075 7950 12075 600
2 1 0 8 0 7 50 0 -1 0.000 0 0 -1 0 0 2
	 1050 9150 15525 9150
2 1 0 8 0 7 50 0 -1 0.000 0 0 -1 0 0 2
	 1050 10200 15525 10200
2 1 0 8 0 7 50 0 -1 0.000 0 0 -1 0 0 2
	 1050 9675 15525 9675
2 1 0 6 0 7 50 0 -1 0.000 0 0 -1 1 0 2
	1 1 4.00 240.00 480.00
	 2100 7650 2100 9150
2 1 0 6 0 7 50 0 -1 0.000 0 0 -1 1 1 2
	1 1 4.00 240.00 480.00
	1 1 4.00 240.00 480.00
	 4425 7650 4425 9675
2 1 0 4 0 7 50 0 -1 0.000 0 0 -1 1 0 2
	1 1 4.00 240.00 480.00
	 7800 7575 7800 10200
2 1 0 6 0 7 50 0 -1 0.000 0 0 -1 1 0 2
	1 1 4.00 240.00 480.00
	 12525 9225 12525 7950
2 1 0 6 0 7 50 0 -1 0.000 0 0 -1 1 1 2
	1 1 4.00 240.00 480.00
	1 1 4.00 240.00 480.00
	 14925 7950 14925 9600
2 1 0 6 0 7 50 0 -1 0.000 0 0 -1 1 0 2
	1 1 4.00 240.00 480.00
	 13425 10200 13425 7950
2 2 0 2 1 7 50 0 -1 0.000 0 0 -1 0 0 5
	 13125 1350 14925 1350 14925 1725 13125 1725 13125 1350
2 2 0 2 1 7 50 0 -1 0.000 0 0 -1 0 0 5
	 13125 1950 14925 1950 14925 2325 13125 2325 13125 1950
2 2 0 2 1 7 50 0 -1 0.000 0 0 -1 0 0 5
	 13125 2475 14925 2475 14925 2850 13125 2850 13125 2475
2 2 0 2 1 7 50 0 -1 0.000 0 0 -1 0 0 5
	 13125 3750 14925 3750 14925 4125 13125 4125 13125 3750
2 1 0 2 4 7 50 0 -1 0.000 0 0 -1 1 0 2
	1 1 2.00 120.00 240.00
	 9750 4650 8700 5550
2 1 0 2 4 7 50 0 -1 0.000 0 0 -1 1 0 2
	1 1 2.00 120.00 240.00
	 15525 3000 14625 3750
2 1 1 4 4 7 0 0 -1 10.000 0 0 -1 1 0 4
	1 1 4.00 240.00 480.00
	 8175 5475 8175 4725 2175 4725 2175 7200
2 1 1 4 4 7 0 0 -1 10.000 0 0 -1 1 0 2
	1 1 4.00 240.00 480.00
	 7950 7650 7950 10200
4 0 4 0 0 -1 32 0.0000 4 330 945 8055 2805 ALU\001
4 0 -1 0 0 -1 32 0.0000 4 330 1065 1335 7185 MAR\001
4 0 -1 0 0 -1 32 0.0000 4 330 1050 3930 7170 MBR\001
4 0 4 0 0 -1 32 0.0000 4 435 1755 -1275 975 Registers\001
4 0 1 50 0 18 26 0.0000 4 300 480 750 1500 R0\001
4 0 1 50 0 18 26 0.0000 4 300 480 750 1950 R1\001
4 0 1 50 0 18 26 0.0000 4 300 480 750 2400 R2\001
4 0 1 50 0 18 26 0.0000 4 300 480 750 2850 R3\001
4 0 4 0 0 -1 32 0.0000 4 330 1425 4800 5400 Control\001
4 0 4 0 0 -1 32 0.0000 4 330 855 5325 5925 Unit\001
4 0 -1 0 0 -1 32 0.0000 4 330 600 6675 5925 PC\001
4 0 -1 0 0 -1 32 0.0000 4 330 465 6750 6525 IR\001
4 0 -1 0 0 -1 32 0.0000 4 330 855 6525 7200 PSR\001
4 0 4 50 0 18 24 0.0000 4 270 780 7950 5850 4768\001
4 0 4 50 0 18 24 0.0000 4 285 675 8100 6600 ???\001
4 0 4 50 0 18 24 0.0000 4 285 675 8100 7200 ???\001
4 0 4 50 0 18 36 0.0000 4 525 3795 12075 450 Memory (RAM)\001
4 0 4 50 0 18 26 0.0000 4 300 2340 -525 9000 Address bus\001
4 0 4 50 0 18 26 0.0000 4 300 1665 -450 9600 Data bus\001
4 0 4 50 0 18 26 0.0000 4 300 2145 -450 10125 Control bus\001
4 0 4 50 0 18 22 0.0000 4 225 330 1725 1425 12\001
4 0 4 50 0 18 22 0.0000 4 225 330 1800 1875 56\001
4 0 4 50 0 18 22 0.0000 4 225 330 4125 1425 23\001
4 0 4 50 0 18 22 0.0000 4 225 330 4050 1875 34\001
4 0 4 50 0 18 22 0.0000 4 240 1320 11700 1125 address\001
4 0 4 50 0 18 22 0.0000 4 225 660 12375 4050 4768\001
4 0 4 50 0 18 22 0.0000 4 300 1605 13275 4050 add R0,R1\001
4 0 4 50 0 18 22 0.0000 4 315 2295 8550 4575 binary number\001
4 0 4 50 0 18 22 0.0000 4 315 2295 15450 2775 binary number\001
4 0 4 50 0 18 22 0.0000 4 315 3255 15450 3165 (machine instruction\001
4 0 4 50 0 18 22 0.0000 4 315 3405 15450 3555 code for "add R0,R1")\001
4 0 4 50 0 18 24 0.0000 4 270 780 1800 7575 4768\001
4 0 4 0 0 18 28 0.0000 4 315 1170 8175 8775 READ\001
